:A
.01110000
.10001000
.10001000
.11111000
.10001000
.10001000

:B
.11110000
.10001000
.11110000
.10001000
.10001000
.11110000

:C
.01110000
.10000000
.10000000
.10000000
.10000000
.01110000

:D
.11110000
.10001000
.10001000
.10001000
.10001000
.11110000

:E
.11111000
.10000000
.11110000
.10000000
.10000000
.11111000

:F
.11111000
.10000000
.11110000
.10000000
.10000000
.10000000

:G
.01110000
.10001000
.10000000
.10011000
.10001000
.01110000

:H
.10001000
.10001000
.10001000
.11111000
.10001000
.10001000

:I
.11100000
.01000000
.01000000
.01000000
.01000000
.11100000

:J
.11100000
.01000000
.01000000
.01000000
.01000000
.10000000

:K
.10010000
.10010000
.11100000
.10010000
.10010000
.10010000

:L
.10000000
.10000000
.10000000
.10000000
.10000000
.11111000

:M
.01010000
.10101000
.10001000
.10001000
.10001000
.10001000

:N
.10001000
.11001000
.10101000
.10011000
.10001000
.10001000

:O
.01110000
.10001000
.10001000
.10001000
.10001000
.01110000

:P
.11110000
.10001000
.10001000
.11110000
.10000000
.10000000

:Q
.01110000
.10001000
.10001000
.10001000
.10010000
.01101000

:R
.11110000
.10001000
.10001000
.11110000
.10001000
.10001000

:S
.01110000
.10000000
.01110000
.00001000
.00001000
.11110000

:T
.11111000
.00100000
.00100000
.00100000
.00100000
.00100000

:U
.10001000
.10001000
.10001000
.10001000
.10001000
.01110000

:V
.10001000
.10001000
.10001000
.10001000
.01010000
.00100000

:W
.10001000
.10001000
.10001000
.10101000
.10101000
.01010000

:X
.10001000
.10001000
.01110000
.10001000
.10001000
.10001000

:Y
.10001000
.10001000
.01010000
.00100000
.00100000
.00100000

:Z
.11111000
.00001000
.00010000
.00100000
.01000000
.11111000

:one
.01000000
.11000000
.01000000
.01000000
.01000000
.11100000

:two
.01110000
.10001000
.00010000
.00100000
.01000000
.11111000

:three
.01110000
.10001000
.00010000
.00001000
.10001000
.01110000

:four
.00010000
.00110000
.01010000
.10010000
.11111000
.00010000

:five
.11111000
.10000000
.11110000
.00001000
.00001000
.11110000

:six
.01110000
.10000000
.11110000
.10001000
.10001000
.01110000

:seven
.11111000
.00001000
.00010000
.00100000
.01000000
.01000000

:eight
.01110000
.10001000
.01110000
.10001000
.10001000
.01110000

:nine
.01110000
.10001000
.01111000
.00001000
.10001000
.01110000

:zero
.01110000
.10011000
.10101000
.11001000
.10001000
.01110000

:exclamation_mark
.10000000
.10000000
.10000000
.10000000
.00000000
.10000000

:question_mark
.01110000
.10001000
.10001000
.00110000
.00000000
.00100000

:plus
.00000000
.00010000
.00010000
.01111100
.00010000
.00010000

:minus
.00000000
.00000000
.00000000
.01111100
.00000000
.00000000

:mult
.00000000
.01000100
.00101000
.00010000
.00101000
.01000100

:div
.00000000
.00000100
.00001000
.00010000
.00100000
.01000000

:dot
.00000000
.00000000
.00000000
.00000000
.00000000
.01100000

:colon
.00000000
.00000000
.00010000
.00000000
.00000000
.00010000

:arrow_right
.00000000
.00001000
.00001100
.01111110
.00001100
.00001000

:arrow_left
.00000000
.00010000
.00110000
.01111110
.00110000
.00010000

:arrow_up
.00010000
.00111000
.01111100
.00010000
.00010000
.00010000

:arrow_down
.00010000
.00010000
.00010000
.01111100
.00111000
.00010000

:is_equal
.00000000
.00000000
.01111000
.00000000
.01111000
.00000000

:is_greater
.00000000
.00100000
.00010000
.00001000
.00010000
.00100000

:is_less
.00000000
.00001000
.00010000
.00100000
.00010000
.00001000

:quote
.00000000
.00001000
.00001000
.00000000
.00000000
.00000000

:bracket_open
.00110000
.00100000
.00100000
.00100000
.00100000
.00110000

:pipe
.00010000
.00010000
.00010000
.00010000
.00010000
.00010000

:bracket_close
.00001100
.00000100
.00000100
.00000100
.00000100
.00001100

:slash_backward
.00000000
.01000000
.00100000
.00010000
.00001000
.00000100

:space
.00000000
.00000000
.00000000
.00000000
.00000000
.00000000

:comma
.00000000
.00000000
.00000000
.00000000
.00010000
.00100000